#!/usr/bin/env ruby

$gt = [
    0,  0,  0,  0,  0,  0,  0,  0,  0,  0,  0,  0,  0,  0,  0,  0,
    0,  0,  0,  0,  0,  0,  0,  0,  0,  0,  0,  0,  1,  1,  1,  1,
    1,  1,  1,  1,  1,  1,  1,  1,  1,  1,  1,  1,  2,  2,  2,  2,
    2,  2,  2,  2,  2,  3,  3,  3,  3,  3,  3,  3,  3,  4,  4,  4,
    4,  4,  4,  4,  5,  5,  5,  5,  5,  6,  6,  6,  6,  6,  7,  7,
    7,  7,  7,  8,  8,  8,  8,  9,  9,  9,  9, 10, 10, 10, 10, 11,
   11, 11, 12, 12, 12, 13, 13, 13, 13, 14, 14, 14, 15, 15, 16, 16,
   16, 17, 17, 17, 18, 18, 18, 19, 19, 20, 20, 21, 21, 21, 22, 22,
   23, 23, 24, 24, 24, 25, 25, 26, 26, 27, 27, 28, 28, 29, 29, 30,
   30, 31, 32, 32, 33, 33, 34, 34, 35, 35, 36, 37, 37, 38, 38, 39,
   40, 40, 41, 41, 42, 43, 43, 44, 45, 45, 46, 47, 47, 48, 49, 50,
   50, 51, 52, 52, 53, 54, 55, 55, 56, 57, 58, 58, 59, 60, 61, 62,
   62, 63, 64, 65, 66, 67, 67, 68, 69, 70, 71, 72, 73, 74, 74, 75,
   76, 77, 78, 79, 80, 81, 82, 83, 84, 85, 86, 87, 88, 89, 90, 91,
   92, 93, 94, 95, 96, 97, 98, 99,100,101,102,104,105,106,107,108,
  109,110,111,113,114,115,116,117,118,120,121,122,123,125,126,127
]

def gamma(c,g)
  (c.to_f/255.0)**g * 255
end

def deviance(gam)
  $gt.map {|g| g * 2}.each.with_index.map do |g8,i|
    g = gamma(i, gam)
    (g-g8).abs
  end.reduce(&:+)
end

def minimize
  min = 9000 ** 10
  good = -1
  1.upto(1000) do |t|
    gamma =  t.to_f / 100
    d = deviance(gamma)

    puts "#{gamma}: #{d}"

    if d < min
      min = d
      good = gamma
    end
  end
  puts "best: #{good} (#{min})"
end

minimize
